
Sun Aug  4 06:26:38 2024
x_start = 0, dx = 100000000
N_points = 1001
(0, 0.0)
(100000000, -306598.8227363084)
(200000000, -556143.4903106632)
(300000000, -764567.5595483374)
(400000000, -995866.1353245738)
(500000000, -1176439.5938227305)
(600000000, -1372115.541890862)
(700000000, -1560234.2622059633)
(800000000, -1742948.9755763556)
(900000000, -1917438.5209629086)
(1000000000, -2113818.876074078)
(1100000000, -2310274.1945889085)
(1200000000, -2458585.6723965225)
(1300000000, -2636322.724618558)
(1400000000, -2790829.524950927)
(1500000000, -2930920.982727393)
(1600000000, -3099992.614396544)
(1700000000, -3258743.395537077)
(1800000000, -3433235.8835878265)
(1900000000, -3583598.9798251833)
(2000000000, -3763927.333239085)
(2100000000, -3919421.7749546845)
(2200000000, -4090192.9210330145)
(2300000000, -4239729.138375725)
(2400000000, -4384072.9573122375)
(2500000000, -4544889.171581665)
(2600000000, -4675567.049812378)
(2700000000, -4805857.2350113075)
(2800000000, -4930920.182559399)
(2900000000, -5075847.044112794)
(3000000000, -5224018.688187167)
(3100000000, -5376415.212074953)
(3200000000, -5513504.74154477)
(3300000000, -5642872.422769069)
(3400000000, -5777911.069295527)
(3500000000, -5890135.599525656)
(3600000000, -6072031.784298358)
(3700000000, -6216613.339051941)
(3800000000, -6348829.9248023955)
(3900000000, -6500386.645348921)
(4000000000, -6645653.015942378)
(4100000000, -6768194.297318525)
(4200000000, -6859783.506003147)
(4300000000, -7011525.195770802)
(4400000000, -7134190.372213115)
(4500000000, -7258632.8557181815)
(4600000000, -7394642.302996517)
(4700000000, -7525744.739653421)
(4800000000, -7644516.417443654)
(4900000000, -7770670.9280409105)
(5000000000, -7881203.138421289)
(5100000000, -8010539.546462527)
(5200000000, -8158415.590179635)
(5300000000, -8265038.944793109)
(5400000000, -8394741.398058882)
(5500000000, -8532337.74287953)
(5600000000, -8640725.322223332)
(5700000000, -8778488.187259534)
(5800000000, -8907177.449991647)
(5900000000, -9013746.97784346)
(6000000000, -9140708.252705157)
(6100000000, -9290599.558436548)
(6200000000, -9427944.788975803)
(6300000000, -9557063.090304587)
(6400000000, -9704097.64780048)
(6500000000, -9802546.587311534)
(6600000000, -9952680.901683448)
(6700000000, -10090113.749368457)
(6800000000, -10190026.814225415)
(6900000000, -10303589.90212582)
(7000000000, -10425419.129626138)
(7100000000, -10544251.700782722)
(7200000000, -10659496.146698998)
(7300000000, -10783700.560978597)
(7400000000, -10920412.202176156)
(7500000000, -11038800.334980397)
(7600000000, -11176816.075757014)
(7700000000, -11291187.744858066)
(7800000000, -11409437.488950942)
(7900000000, -11529316.550473556)
(8000000000, -11622831.120048726)
(8100000000, -11741891.914333014)
(8200000000, -11885266.813577289)
(8300000000, -11984947.496962428)
(8400000000, -12105170.263496587)
(8500000000, -12261446.239944413)
(8600000000, -12390911.38835733)
(8700000000, -12499019.023617275)
(8800000000, -12648808.2062592)
(8900000000, -12772591.440359857)
(9000000000, -12897602.355115494)
(9100000000, -12989870.179457275)
(9200000000, -13102015.49783023)
(9300000000, -13224685.299988654)
(9400000000, -13344518.443495242)
(9500000000, -13451604.381146464)
(9600000000, -13560679.678593213)
(9700000000, -13688803.652019005)
(9800000000, -13826817.786747014)
(9900000000, -13963048.829869138)
(10000000000, -14061062.721306667)
(10100000000, -14189830.56087791)
(10200000000, -14320367.492249971)
(10300000000, -14482045.322710875)
(10400000000, -14596233.028480329)
(10500000000, -14711052.650729047)
(10600000000, -14823334.050959578)
(10700000000, -14928426.123085719)
(10800000000, -15046989.212907543)
(10900000000, -15199995.025217447)
(11000000000, -15320834.747473856)
(11100000000, -15420486.023184374)
(11200000000, -15537988.940227907)
(11300000000, -15682486.388131425)
(11400000000, -15802818.996768435)
(11500000000, -15907250.188045256)
(11600000000, -16030351.99423534)
(11700000000, -16135422.981743785)
(11800000000, -16263658.305008883)
(11900000000, -16383056.931620693)
(12000000000, -16532817.645011606)
(12100000000, -16663050.29843696)
(12200000000, -16795327.7118904)
(12300000000, -16922689.478091627)
(12400000000, -17018063.51480291)
(12500000000, -17120167.943701264)
(12600000000, -17238071.85201281)
(12700000000, -17360017.688627042)
(12800000000, -17425996.680822566)
(12900000000, -17546000.102490224)
(13000000000, -17657708.97890859)
(13100000000, -17780038.700697903)
(13200000000, -17868018.060407046)
(13300000000, -17971280.35874377)
(13400000000, -18079997.388904687)
(13500000000, -18183010.921075165)
(13600000000, -18309620.38022757)
(13700000000, -18410169.627197128)
(13800000000, -18538025.68901196)
(13900000000, -18665243.16089352)
(14000000000, -18787209.669083886)
(14100000000, -18915521.939709663)
(14200000000, -19024302.08772134)
(14300000000, -19120744.490311813)
(14400000000, -19208175.116902824)
(14500000000, -19310886.23286919)
(14600000000, -19429437.248368923)
(14700000000, -19542439.13722949)
(14800000000, -19643753.63718905)
(14900000000, -19761937.527683374)
(15000000000, -19907647.68277262)
(15100000000, -20015845.400064927)
(15200000000, -20109200.492818423)
(15300000000, -20204456.5755763)
(15400000000, -20288623.263278715)
(15500000000, -20410688.44303707)
(15600000000, -20499042.706668496)
(15700000000, -20582724.899596598)
(15800000000, -20695485.719735425)
(15900000000, -20821688.008209396)
(16000000000, -20933337.788641337)
(16100000000, -21027767.215424318)
(16200000000, -21124842.87242719)
(16300000000, -21259012.072087694)
(16400000000, -21363888.988337368)
(16500000000, -21473838.314346984)
(16600000000, -21576698.36690675)
(16700000000, -21706345.3525533)
(16800000000, -21796944.241516177)
(16900000000, -21904205.580330696)
(17000000000, -21984288.262768723)
(17100000000, -22101814.562471196)
(17200000000, -22210509.834180623)
(17300000000, -22322954.76500712)
(17400000000, -22445638.22567177)
(17500000000, -22540972.796881706)
(17600000000, -22619369.98090019)
(17700000000, -22726060.06567751)
(17800000000, -22836826.486216463)
(17900000000, -22916754.138330493)
(18000000000, -23019403.209468134)
(18100000000, -23144863.836734805)
(18200000000, -23212139.181998957)
(18300000000, -23347063.73610653)
(18400000000, -23445637.393394835)
(18500000000, -23552566.412715044)
(18600000000, -23634125.339794066)
(18700000000, -23744293.39230516)
(18800000000, -23857598.94266808)
(18900000000, -23956909.762200575)
(19000000000, -24075555.625666734)
(19100000000, -24163077.165441178)
(19200000000, -24285019.589419816)
(19300000000, -24364966.198884763)
(19400000000, -24478007.627402496)
(19500000000, -24590859.873805147)
(19600000000, -24688038.92224016)
(19700000000, -24805729.22270976)
(19800000000, -24918986.505141284)
(19900000000, -25026718.982801355)
(20000000000, -25135221.580462933)
(20100000000, -25239134.530897155)
(20200000000, -25354492.369776037)
(20300000000, -25442667.0577834)
(20400000000, -25572873.215063617)
(20500000000, -25684965.719962165)
(20600000000, -25780260.144895993)
(20700000000, -25855717.344496723)
(20800000000, -25947367.024934333)
(20900000000, -26056237.437742133)
(21000000000, -26153378.532322932)
(21100000000, -26266015.02532276)
(21200000000, -26357643.94203228)
(21300000000, -26490381.860859007)
(21400000000, -26626700.073936895)
(21500000000, -26700183.543093838)
(21600000000, -26800569.184160456)
(21700000000, -26909920.712117705)
(21800000000, -27048240.23109136)
(21900000000, -27156075.61962352)
(22000000000, -27264910.200764038)
(22100000000, -27370822.864118323)
(22200000000, -27471323.630146362)
(22300000000, -27562159.6696654)
(22400000000, -27655289.316701725)
(22500000000, -27788250.115743835)
(22600000000, -27883833.01242572)
(22700000000, -28008544.246430367)
(22800000000, -28122596.550646856)
(22900000000, -28244862.483047403)
(23000000000, -28359446.68977496)
(23100000000, -28450810.992496092)
(23200000000, -28555820.160044488)
(23300000000, -28643754.502370734)
(23400000000, -28750289.67988921)
(23500000000, -28866314.679434326)
(23600000000, -28986059.216762293)
(23700000000, -29103342.11140877)
(23800000000, -29210828.015201688)
(23900000000, -29329001.91704639)
(24000000000, -29447040.315994162)
(24100000000, -29547232.1338908)
(24200000000, -29666531.66323675)
(24300000000, -29781821.6765611)
(24400000000, -29898028.036363766)
(24500000000, -29980599.37517104)
(24600000000, -30095674.25814181)
(24700000000, -30212251.17005578)
(24800000000, -30290162.691835824)
(24900000000, -30415014.15542254)
(25000000000, -30502587.314734854)
(25100000000, -30600566.349084295)
(25200000000, -30698596.705821402)
(25300000000, -30833076.09538455)
(25400000000, -30926528.66522744)
(25500000000, -31040015.2609379)
(25600000000, -31151722.486660026)
(25700000000, -31272818.93924596)
(25800000000, -31355136.815031473)
(25900000000, -31424449.24912313)
(26000000000, -31525018.576197296)
(26100000000, -31627427.268351134)
(26200000000, -31710015.363333594)
(26300000000, -31820648.453738667)
(26400000000, -31910473.6017947)
(26500000000, -32000851.67121003)
(26600000000, -32107255.494644478)
(26700000000, -32207768.82382543)
(26800000000, -32312955.110600214)
(26900000000, -32463028.461767484)
(27000000000, -32562303.866899837)
(27100000000, -32684582.97649234)
(27200000000, -32812118.16123996)
(27300000000, -32901383.04297554)
(27400000000, -33005429.02231901)
(27500000000, -33119310.989219815)
(27600000000, -33214975.669002865)
(27700000000, -33289965.892070334)
(27800000000, -33370725.912093773)
(27900000000, -33480381.793475535)
(28000000000, -33577005.70746901)
(28100000000, -33674041.857418455)
(28200000000, -33760600.445926405)
(28300000000, -33871344.87430231)
(28400000000, -33954029.941855684)
(28500000000, -34062205.9766204)
(28600000000, -34162490.66243771)
(28700000000, -34248197.38466293)
(28800000000, -34323056.70877459)
(28900000000, -34411655.05700237)
(29000000000, -34523186.60174906)
(29100000000, -34588741.584905565)
(29200000000, -34700871.27701037)
(29300000000, -34821029.32450016)
(29400000000, -34935949.78913877)
(29500000000, -35043208.25594147)
(29600000000, -35124227.28747003)
(29700000000, -35215433.81731992)
(29800000000, -35295401.84213304)
(29900000000, -35395352.60627498)
(30000000000, -35488129.36484141)
(30100000000, -35546972.81727198)
(30200000000, -35638713.39997943)
(30300000000, -35715854.04285992)
(30400000000, -35785980.583004735)
(30500000000, -35902754.748298414)
(30600000000, -35999517.85043159)
(30700000000, -36100098.02079434)
(30800000000, -36204350.217256054)
(30900000000, -36312287.08145528)
(31000000000, -36407846.62241567)
(31100000000, -36523193.363288365)
(31200000000, -36612110.81494504)
(31300000000, -36728006.926660255)
(31400000000, -36820851.35928002)
(31500000000, -36927616.936721)
(31600000000, -36996394.18607332)
(31700000000, -37098462.20424488)
(31800000000, -37166978.50499989)
(31900000000, -37290910.38340047)
(32000000000, -37389534.73195887)
(32100000000, -37458683.44310784)
(32200000000, -37563526.377984874)
(32300000000, -37642419.211477265)
(32400000000, -37728268.46180496)
(32500000000, -37841418.11976535)
(32600000000, -37918901.66007317)
(32700000000, -38018484.58296357)
(32800000000, -38105152.51828139)
(32900000000, -38185292.500424)
(33000000000, -38299517.681317076)
(33100000000, -38381578.44049276)
(33200000000, -38488212.86853434)
(33300000000, -38588259.59095232)
(33400000000, -38682624.68347286)
(33500000000, -38774844.41575219)
(33600000000, -38880902.81330521)
(33700000000, -38976029.50216362)
(33800000000, -39060926.01329674)
(33900000000, -39136486.117475644)
(34000000000, -39217182.831067845)
(34100000000, -39300702.11007886)
(34200000000, -39381261.847137585)
(34300000000, -39476252.7931398)
(34400000000, -39595040.91979538)
(34500000000, -39705098.312228695)
(34600000000, -39817145.34152279)
(34700000000, -39904596.7812376)
(34800000000, -40041197.44920767)
(34900000000, -40142094.59267075)
(35000000000, -40290597.66667106)
(35100000000, -40392804.08413838)
(35200000000, -40482444.18245795)
(35300000000, -40595664.11665963)
(35400000000, -40704817.00062812)
(35500000000, -40778407.53391851)
(35600000000, -40865769.1423257)
(35700000000, -40956202.17786558)
(35800000000, -41037278.51128642)
(35900000000, -41143359.455529824)
(36000000000, -41242926.89030689)
(36100000000, -41351621.27924739)
(36200000000, -41446421.376123734)
(36300000000, -41553949.32248634)
(36400000000, -41646351.49815019)
(36500000000, -41748638.17074208)
(36600000000, -41830699.80721508)
(36700000000, -41936110.82070524)
(36800000000, -42038517.29729696)
(36900000000, -42144231.93712298)
(37000000000, -42249191.12414813)
(37100000000, -42326748.617977254)
(37200000000, -42437791.23112986)
(37300000000, -42521949.196896836)
(37400000000, -42613553.63090588)
(37500000000, -42703974.912938006)
(37600000000, -42813690.72777368)
(37700000000, -42922846.40385738)
(37800000000, -43033560.64408081)
(37900000000, -43118846.325793885)
(38000000000, -43206980.08090664)
(38100000000, -43313747.2974205)
(38200000000, -43415507.25637106)
(38300000000, -43488572.83304985)
(38400000000, -43566787.8450143)
(38500000000, -43621285.51089585)
(38600000000, -43700662.64804847)
(38700000000, -43777099.46734734)
(38800000000, -43884287.05640602)
(38900000000, -43990986.81971195)
(39000000000, -44118097.31006685)
(39100000000, -44233099.16679191)
(39200000000, -44343284.5438668)
(39300000000, -44468104.19838983)
(39400000000, -44541437.98272337)
(39500000000, -44622294.28655901)
(39600000000, -44716372.0077253)
(39700000000, -44821660.1086392)
(39800000000, -44910387.330665134)
(39900000000, -45030867.97208669)
(40000000000, -45132527.57751267)
(40100000000, -45237797.961460695)
(40200000000, -45323571.23852711)
(40300000000, -45425468.9506304)
(40400000000, -45543335.274144754)
(40500000000, -45632455.85487109)
(40600000000, -45721059.89653703)
(40700000000, -45836129.56878173)
(40800000000, -45920024.3332694)
(40900000000, -46008068.401218064)
(41000000000, -46076817.710722886)
(41100000000, -46160725.4562323)
(41200000000, -46261457.10639965)
(41300000000, -46338757.02391601)
(41400000000, -46411017.69951765)
(41500000000, -46529907.49907861)
(41600000000, -46663894.18637297)
(41700000000, -46769615.18304579)
(41800000000, -46868511.46086808)
(41900000000, -46995114.86238439)
(42000000000, -47081495.00690673)
(42100000000, -47170866.60460551)
(42200000000, -47263562.13710624)
(42300000000, -47375094.685074314)
(42400000000, -47449408.05939348)
(42500000000, -47570774.188284636)
(42600000000, -47682694.49187761)
(42700000000, -47772363.09605162)
(42800000000, -47866201.43630168)
(42900000000, -47967332.23180302)
(43000000000, -48065240.93317257)
(43100000000, -48175254.09701357)
(43200000000, -48278581.59844593)
(43300000000, -48340749.550583236)
(43400000000, -48449509.057582125)
(43500000000, -48525185.916706525)
(43600000000, -48625734.16142438)
(43700000000, -48712939.63434487)
(43800000000, -48805715.724071234)
(43900000000, -48877831.230130054)
(44000000000, -48940089.74239339)
(44100000000, -49010588.49782374)
(44200000000, -49124220.59754824)
(44300000000, -49216672.228342295)
(44400000000, -49304314.40573618)
(44500000000, -49376875.0920801)
(44600000000, -49461371.03754794)
(44700000000, -49553267.98642067)
(44800000000, -49666041.90204722)
(44900000000, -49745643.953250006)
(45000000000, -49814741.98567321)
(45100000000, -49900159.06880472)
(45200000000, -49979070.28567355)
(45300000000, -50054749.89581872)
(45400000000, -50148398.34336794)
(45500000000, -50261453.470142044)
(45600000000, -50352762.7679594)
(45700000000, -50432507.84059073)
(45800000000, -50543101.55898838)
(45900000000, -50645641.09777854)
(46000000000, -50720005.7562868)
(46100000000, -50812754.77730435)
(46200000000, -50902982.20265875)
(46300000000, -50990369.52553632)
(46400000000, -51095521.54699735)
(46500000000, -51198348.11774997)
(46600000000, -51267360.28818808)
(46700000000, -51355035.668171324)
(46800000000, -51461980.919184126)
(46900000000, -51541292.77567654)
(47000000000, -51626398.8145308)
(47100000000, -51724217.721103795)
(47200000000, -51824023.15351081)
(47300000000, -51909164.228259765)
(47400000000, -51993623.53319845)
(47500000000, -52115358.748029165)
(47600000000, -52222070.4186479)
(47700000000, -52319816.20844089)
(47800000000, -52450114.350624174)
(47900000000, -52548159.487080134)
(48000000000, -52674225.38031632)
(48100000000, -52781868.6548018)
(48200000000, -52878746.5240518)
(48300000000, -52979138.21537858)
(48400000000, -53054013.671144396)
(48500000000, -53150018.017844796)
(48600000000, -53208604.885062724)
(48700000000, -53304563.256047934)
(48800000000, -53361289.27031955)
(48900000000, -53441499.84072645)
(49000000000, -53540079.56311003)
(49100000000, -53606088.04353777)
(49200000000, -53688448.26023806)
(49300000000, -53786694.85468311)
(49400000000, -53868305.998383164)
(49500000000, -53964020.1833696)
(49600000000, -54090229.874334484)
(49700000000, -54200896.986380056)
(49800000000, -54266205.22158494)
(49900000000, -54358182.77612885)
(50000000000, -54470614.033655465)
(50100000000, -54584605.66255909)
(50200000000, -54688677.989974685)
(50300000000, -54789481.81426691)
(50400000000, -54877245.6794551)
(50500000000, -54952078.434050225)
(50600000000, -55042862.83427332)
(50700000000, -55104914.1610735)
(50800000000, -55206460.53151162)
(50900000000, -55330645.68919753)
(51000000000, -55437990.18633956)
(51100000000, -55546168.44235145)
(51200000000, -55647957.29825147)
(51300000000, -55749815.24809682)
(51400000000, -55827845.59392635)
(51500000000, -55920075.82557926)
(51600000000, -55989189.41569445)
(51700000000, -56081681.57646713)
(51800000000, -56163092.3820966)
(51900000000, -56220565.83410654)
(52000000000, -56294093.19422432)
(52100000000, -56402652.27327599)
(52200000000, -56475093.185241416)
(52300000000, -56545738.06344214)
(52400000000, -56615585.56819424)
(52500000000, -56705197.3497991)
(52600000000, -56770995.48572735)
(52700000000, -56866447.880519316)
(52800000000, -56950957.857197)
(52900000000, -57027548.64156208)
(53000000000, -57130393.452359974)
(53100000000, -57217490.11014257)
(53200000000, -57324363.474541575)
(53300000000, -57407448.17936109)
(53400000000, -57494244.30717746)
(53500000000, -57592113.85291519)
(53600000000, -57701515.17370005)
(53700000000, -57793259.40929105)
(53800000000, -57895067.7937692)
(53900000000, -57955074.47779845)
(54000000000, -58043047.16827966)
(54100000000, -58135757.81705412)
(54200000000, -58243144.42443213)
(54300000000, -58364566.25720529)
(54400000000, -58458794.3760179)
(54500000000, -58547183.13699555)
(54600000000, -58613155.03076571)
(54700000000, -58707664.24904131)
(54800000000, -58811748.500342235)
(54900000000, -58961673.26195797)
(55000000000, -59014347.319613904)
(55100000000, -59115561.19399499)
(55200000000, -59199370.10627418)
(55300000000, -59276890.48835731)
(55400000000, -59359326.14770713)
(55500000000, -59473916.195077226)
(55600000000, -59562239.20774748)
(55700000000, -59659315.8653225)
(55800000000, -59708494.69897374)
(55900000000, -59807763.026910745)
(56000000000, -59889430.408489905)
(56100000000, -59972365.44660617)
(56200000000, -60064441.03275138)
(56300000000, -60143118.67474383)
(56400000000, -60227037.7489033)
(56500000000, -60312819.79044819)
(56600000000, -60407818.108298264)
(56700000000, -60480786.18994405)
(56800000000, -60560841.06802592)
(56900000000, -60650435.715052694)
(57000000000, -60775686.3940803)
(57100000000, -60859399.74754751)
(57200000000, -60955651.423130676)
(57300000000, -61052988.49499657)
(57400000000, -61141908.554110795)
(57500000000, -61218038.83646854)
(57600000000, -61315655.726733804)
(57700000000, -61407122.2007587)
(57800000000, -61495857.15465402)
(57900000000, -61583347.294794045)
(58000000000, -61696393.722576484)
(58100000000, -61800587.05716347)
(58200000000, -61882605.12098417)
(58300000000, -61952296.98804248)
(58400000000, -62030557.865404695)
(58500000000, -62121839.93488736)
(58600000000, -62222189.470869265)
(58700000000, -62310731.50916624)
(58800000000, -62397048.67933899)
(58900000000, -62481722.52975816)
(59000000000, -62550257.016916744)
(59100000000, -62657908.65683765)
(59200000000, -62727196.83539098)
(59300000000, -62821158.289079584)
(59400000000, -62896719.86826795)
(59500000000, -62975684.69375691)
(59600000000, -63087392.746469595)
(59700000000, -63173564.186395116)
(59800000000, -63224878.54619799)
(59900000000, -63344760.77136596)
(60000000000, -63432339.29723679)
(60100000000, -63509524.694873914)
(60200000000, -63616834.64677229)
(60300000000, -63703996.033292904)
(60400000000, -63777212.49470282)
(60500000000, -63870020.96471585)
(60600000000, -63992056.87494319)
(60700000000, -64113070.21616064)
(60800000000, -64206567.10404425)
(60900000000, -64283495.336098365)
(61000000000, -64395294.854121685)
(61100000000, -64481993.65401589)
(61200000000, -64535801.97277132)
(61300000000, -64620338.668247096)
(61400000000, -64700621.296915844)
(61500000000, -64778077.113501824)
(61600000000, -64881002.859724164)
(61700000000, -64978046.30700191)
(61800000000, -65080140.35775773)
(61900000000, -65182228.19919052)
(62000000000, -65264766.002828166)
(62100000000, -65314120.75373308)
(62200000000, -65418365.72603508)
(62300000000, -65500534.133093186)
(62400000000, -65620054.79044803)
(62500000000, -65677749.48314077)
(62600000000, -65778292.63161841)
(62700000000, -65880495.81489301)
(62800000000, -65933328.20953892)
(62900000000, -66032746.66154732)
(63000000000, -66117588.11783185)
(63100000000, -66214234.78183507)
(63200000000, -66302196.11557112)
(63300000000, -66406812.89115657)
(63400000000, -66476603.515213996)
(63500000000, -66601518.53864522)
(63600000000, -66674253.91394785)
(63700000000, -66768723.085444055)
(63800000000, -66874853.414271206)
(63900000000, -66972208.26668734)
(64000000000, -67056717.44972693)
(64100000000, -67162083.85702795)
(64200000000, -67237222.38821203)
(64300000000, -67347716.17518666)
(64400000000, -67429236.22571146)
(64500000000, -67513373.67232664)
(64600000000, -67603913.47858788)
(64700000000, -67698740.24182485)
(64800000000, -67781611.28567266)
(64900000000, -67847172.90963338)
(65000000000, -67953233.78736953)
(65100000000, -68066621.88193566)
(65200000000, -68190636.46554671)
(65300000000, -68287005.50124164)
(65400000000, -68367641.38360305)
(65500000000, -68448469.47529335)
(65600000000, -68525329.61998141)
(65700000000, -68604972.20674922)
(65800000000, -68689850.37120333)
(65900000000, -68790476.55389796)
(66000000000, -68895742.38583496)
(66100000000, -68970769.85585167)
(66200000000, -69049239.70786035)
(66300000000, -69124849.65285425)
(66400000000, -69192863.8556029)
(66500000000, -69281390.77173874)
(66600000000, -69341002.03188)
(66700000000, -69429178.60508795)
(66800000000, -69499028.43144718)
(66900000000, -69580635.0994133)
(67000000000, -69685578.42908072)
(67100000000, -69781741.35970911)
(67200000000, -69864235.75800622)
(67300000000, -69956109.28992128)
(67400000000, -70066700.56121694)
(67500000000, -70166127.44862288)
(67600000000, -70261595.52342072)
(67700000000, -70380872.45006792)
(67800000000, -70476164.51350212)
(67900000000, -70607750.50492339)
(68000000000, -70707119.33175279)
(68100000000, -70805110.10458569)
(68200000000, -70859302.55230702)
(68300000000, -70943783.41012673)
(68400000000, -71036015.67441304)
(68500000000, -71105698.67581958)
(68600000000, -71159168.57320063)
(68700000000, -71210981.90921322)
(68800000000, -71278294.70398472)
(68900000000, -71372612.90639667)
(69000000000, -71465838.27357873)
(69100000000, -71526224.2259604)
(69200000000, -71593839.08973369)
(69300000000, -71686169.55427366)
(69400000000, -71759222.2457661)
(69500000000, -71867066.17794271)
(69600000000, -71960698.56514683)
(69700000000, -72036272.46262436)
(69800000000, -72111826.01926477)
(69900000000, -72260982.12732154)
(70000000000, -72361989.86053558)
(70100000000, -72490173.42501314)
(70200000000, -72601807.05569708)
(70300000000, -72668378.9812012)
(70400000000, -72707917.19671606)
(70500000000, -72754414.23725444)
(70600000000, -72829427.86923434)
(70700000000, -72923656.26954137)
(70800000000, -72997242.27574283)
(70900000000, -73081187.83635552)
(71000000000, -73163027.36696975)
(71100000000, -73212900.6372429)
(71200000000, -73295585.78483799)
(71300000000, -73392407.62110206)
(71400000000, -73478950.86997624)
(71500000000, -73581169.23712285)
(71600000000, -73668122.4444325)
(71700000000, -73775251.39457205)
(71800000000, -73842228.97149119)
(71900000000, -73953069.21692325)
(72000000000, -74018241.70477252)
(72100000000, -74114706.16157576)
(72200000000, -74188749.50620045)
(72300000000, -74266447.50105444)
(72400000000, -74347413.19494198)
(72500000000, -74431196.56770425)
(72600000000, -74519860.27605113)
(72700000000, -74597438.74305736)
(72800000000, -74698480.31770745)
(72900000000, -74771801.66429226)
(73000000000, -74861948.24806112)
(73100000000, -74966283.32114121)
(73200000000, -75042932.00918125)
(73300000000, -75128440.31779762)
(73400000000, -75241298.8276211)
(73500000000, -75311317.09064099)
(73600000000, -75403070.07937272)
(73700000000, -75469517.65162018)
(73800000000, -75548192.74339546)
(73900000000, -75588896.19576125)
(74000000000, -75698725.28457262)
(74100000000, -75778427.3372114)
(74200000000, -75863126.37584986)
(74300000000, -75987729.15434636)
(74400000000, -76052036.00736016)
(74500000000, -76162308.5016436)
(74600000000, -76263874.6925608)
(74700000000, -76360864.28785916)
(74800000000, -76475009.82056008)
(74900000000, -76551014.99246235)
(75000000000, -76615417.92928724)
(75100000000, -76703877.00987272)
(75200000000, -76799915.71738233)
(75300000000, -76929330.84693958)
(75400000000, -77046318.1216931)
(75500000000, -77117425.61618318)
(75600000000, -77193722.15584248)
(75700000000, -77295885.95656943)
(75800000000, -77360642.58572187)
(75900000000, -77450216.31630737)
(76000000000, -77531501.62135752)
(76100000000, -77590955.97572298)
(76200000000, -77703181.54684232)
(76300000000, -77796506.81460145)
(76400000000, -77902078.81207576)
(76500000000, -78008620.54774596)
(76600000000, -78090407.58649242)
(76700000000, -78185294.51362151)
(76800000000, -78261376.13111219)
(76900000000, -78358828.989856)
(77000000000, -78444894.4284286)
(77100000000, -78532568.63376507)
(77200000000, -78617841.15318078)
(77300000000, -78710777.00806822)
(77400000000, -78800319.75113524)
(77500000000, -78893164.79251043)
(77600000000, -78968311.98668781)
(77700000000, -79072324.74412712)
(77800000000, -79155592.27090552)
(77900000000, -79222562.91501823)
(78000000000, -79306816.92983024)
(78100000000, -79371675.58065452)
(78200000000, -79440926.83564283)
(78300000000, -79543065.88330492)
(78400000000, -79649310.90020701)
(78500000000, -79748813.54562601)
(78600000000, -79818342.60475089)
(78700000000, -79889418.06951672)
(78800000000, -80013398.2294785)
(78900000000, -80082197.19088754)
(79000000000, -80175791.10014404)
(79100000000, -80277958.52021824)
(79200000000, -80361699.08121951)
(79300000000, -80422393.56994997)
(79400000000, -80494296.57632257)
(79500000000, -80574811.89846832)
(79600000000, -80677368.7420635)
(79700000000, -80774898.10299568)
(79800000000, -80878682.79499026)
(79900000000, -80955084.68235572)
(80000000000, -81068269.11612506)
(80100000000, -81145858.64385673)
(80200000000, -81232716.81020044)
(80300000000, -81294383.48711488)
(80400000000, -81369888.16444021)
(80500000000, -81448623.7258977)
(80600000000, -81522629.1496928)
(80700000000, -81585123.59450766)
(80800000000, -81657403.28988352)
(80900000000, -81743864.9857666)
(81000000000, -81826424.87175399)
(81100000000, -81893113.94796982)
(81200000000, -81967618.25674851)
(81300000000, -82027682.26889908)
(81400000000, -82106276.60108751)
(81500000000, -82180013.27205564)
(81600000000, -82219207.62274705)
(81700000000, -82320502.27736953)
(81800000000, -82398307.37463444)
(81900000000, -82485439.58747587)
(82000000000, -82572739.0969484)
(82100000000, -82694396.00711213)
(82200000000, -82775408.43165651)
(82300000000, -82859830.19883935)
(82400000000, -82937030.03601466)
(82500000000, -82997668.74155094)
(82600000000, -83078508.22021645)
(82700000000, -83180529.44337298)
(82800000000, -83245714.87958194)
(82900000000, -83318470.89714439)
(83000000000, -83426742.43999785)
(83100000000, -83487411.57593496)
(83200000000, -83577413.82165748)
(83300000000, -83673883.2631645)
(83400000000, -83746606.56674926)
(83500000000, -83848215.29327671)
(83600000000, -83929923.60632223)
(83700000000, -84036672.19277902)
(83800000000, -84115257.16265117)
(83900000000, -84207201.22233687)
(84000000000, -84276146.88584529)
(84100000000, -84372753.55460013)
(84200000000, -84462484.09188418)
(84300000000, -84545389.16438785)
(84400000000, -84648600.99172565)
(84500000000, -84716392.8586433)
(84600000000, -84806845.14235052)
(84700000000, -84910612.57903135)
(84800000000, -84989460.62103988)
(84900000000, -85055264.9021815)
(85000000000, -85137102.7971441)
(85100000000, -85246526.92523055)
(85200000000, -85325767.46516764)
(85300000000, -85415066.88769141)
(85400000000, -85498971.35518539)
(85500000000, -85556575.13284692)
(85600000000, -85628303.83576909)
(85700000000, -85706354.25124331)
(85800000000, -85797096.50393236)
(85900000000, -85870635.13680877)
(86000000000, -85938323.97185576)
(86100000000, -86030714.97436687)
(86200000000, -86086084.27350682)
(86300000000, -86153353.93352126)
(86400000000, -86236894.26316029)
(86500000000, -86322767.7688617)
(86600000000, -86385740.64204295)
(86700000000, -86477717.01570928)
(86800000000, -86554724.26760127)
(86900000000, -86629707.2852572)
(87000000000, -86706331.08302133)
(87100000000, -86795036.48826736)
(87200000000, -86863618.78848666)
(87300000000, -86914015.35126844)
(87400000000, -87004446.0832958)
(87500000000, -87083354.77296944)
(87600000000, -87168716.6729308)
(87700000000, -87238599.29570931)
(87800000000, -87323792.61004888)
(87900000000, -87427334.72777368)
(88000000000, -87522275.82638802)
(88100000000, -87613176.34904313)
(88200000000, -87668974.31664021)
(88300000000, -87740967.41269171)
(88400000000, -87834627.0084072)
(88500000000, -87882291.21597059)
(88600000000, -87945207.45391485)
(88700000000, -88047097.99569109)
(88800000000, -88158333.28192131)
(88900000000, -88237884.0020285)
(89000000000, -88331317.17833388)
(89100000000, -88413686.46504483)
(89200000000, -88492377.98224261)
(89300000000, -88547484.84665017)
(89400000000, -88616979.57313363)
(89500000000, -88689755.37437524)
(89600000000, -88781019.90406828)
(89700000000, -88908767.68280992)
(89800000000, -88958363.09398147)
(89900000000, -89031114.29637748)
(90000000000, -89096100.16873015)
(90100000000, -89180801.08565886)
(90200000000, -89259212.14429161)
(90300000000, -89362903.42992333)
(90400000000, -89455940.18157674)
(90500000000, -89556284.95918122)
(90600000000, -89628844.0756823)
(90700000000, -89691289.2461535)
(90800000000, -89756411.68054952)
(90900000000, -89836953.17521353)
(91000000000, -89905840.89441925)
(91100000000, -89962101.63950081)
(91200000000, -90073959.50082459)
(91300000000, -90173783.73311672)
(91400000000, -90263567.78392038)
(91500000000, -90346452.65179634)
(91600000000, -90417516.36020078)
(91700000000, -90477842.94345836)
(91800000000, -90559842.4010521)
(91900000000, -90631520.94019616)
(92000000000, -90731249.3509864)
(92100000000, -90787282.18054505)
(92200000000, -90876049.08030754)
(92300000000, -90993627.87132539)
(92400000000, -91100821.73054096)
(92500000000, -91201139.9534003)
(92600000000, -91275604.93958183)
(92700000000, -91345717.47295798)
(92800000000, -91455846.42373763)
(92900000000, -91534563.8045698)
(93000000000, -91630117.58774751)
(93100000000, -91718477.53645231)
(93200000000, -91775824.40022127)
(93300000000, -91873410.78124882)
(93400000000, -91977846.64224756)
(93500000000, -92050761.7074749)
(93600000000, -92107297.7665816)
(93700000000, -92178463.13080245)
(93800000000, -92265686.9164638)
(93900000000, -92329973.46787265)
(94000000000, -92429446.09263512)
(94100000000, -92531020.21489964)
(94200000000, -92629439.65137544)
(94300000000, -92757655.40683699)
(94400000000, -92834969.82844974)
(94500000000, -92874746.85496986)
(94600000000, -92948264.174174)
(94700000000, -93013040.03796314)
(94800000000, -93103030.33773671)
(94900000000, -93217440.06934473)
(95000000000, -93270470.50129677)
(95100000000, -93357551.82283738)
(95200000000, -93458388.88493137)
(95300000000, -93519528.06951296)
(95400000000, -93631926.64972739)
(95500000000, -93731688.9258339)
(95600000000, -93822682.0101008)
(95700000000, -93905689.39239168)
(95800000000, -93984743.0361436)
(95900000000, -94069527.21859036)
(96000000000, -94156653.63544682)
(96100000000, -94237069.81044039)
(96200000000, -94326808.27972797)
(96300000000, -94428360.98736235)
(96400000000, -94515084.97871314)
(96500000000, -94604619.63939954)
(96600000000, -94706931.57181738)
(96700000000, -94800091.18392663)
(96800000000, -94887259.07271244)
(96900000000, -94996324.66540916)
(97000000000, -95078276.0149291)
(97100000000, -95147518.0495815)
(97200000000, -95216016.25670786)
(97300000000, -95291335.52480046)
(97400000000, -95390441.77903582)
(97500000000, -95451180.53174949)
(97600000000, -95564806.25599928)
(97700000000, -95663481.60985468)
(97800000000, -95739664.1108297)
(97900000000, -95799312.33098142)
(98000000000, -95890369.75202757)
(98100000000, -95996577.78675896)
(98200000000, -96044539.47460565)
(98300000000, -96116839.52136488)
(98400000000, -96188560.44400358)
(98500000000, -96259233.79274201)
(98600000000, -96306621.26785772)
(98700000000, -96386337.75474922)
(98800000000, -96474538.22777447)
(98900000000, -96553387.87449239)
(99000000000, -96640506.66919231)
(99100000000, -96692056.03435287)
(99200000000, -96795740.78812307)
(99300000000, -96889390.62570678)
(99400000000, -96999604.1290059)
(99500000000, -97089145.97552648)
(99600000000, -97135590.18716617)
(99700000000, -97191203.526207)
(99800000000, -97296280.40997839)
(99900000000, -97382075.47118755)
(100000000000, -97476852.4832957)
